1,1,0.12,15.0,16.68,29.509999999999998,1,1,1.0
1,2,54.06,61.33,122.22,57.81,1,1,1.0
1,3,96.73,0.33,229.0,62.120000000000005,1,1,1.0
1,4,314.7,0.0,393.39000000000004,111.4,1,1,1.0
2,1,0.12,19.6,8.88,21.4,1,1,1.0
2,2,32.6,58.1,122.22,56.24999999999999,1,1,1.0
2,3,96.25,0.33,229.01,62.120000000000005,1,1,1.0
2,4,315.71,0.0,393.39000000000004,111.45,1,1,1.0
3,1,0.12,19.6,3.48,21.4,1,1,1.0
3,2,17.98,55.33,114.32000000000001,55.47,1,1,1.0
3,3,95.78,0.33,228.99999999999997,62.120000000000005,1,1,1.0
3,4,314.72,0.0,392.5799999999999,111.7,1,1,1.0
4,2,2.34,51.07,110.96,55.46,1,1,1.0
4,3,95.31,0.33,229.0,62.120000000000005,1,1,1.0
4,4,313.56,0.0,393.04,111.8,1,1,1.0
5,2,0.0,48.25,92.9,54.489999999999995,1,1,1.0
5,3,95.31,0.33,229.0,62.120000000000005,1,1,1.0
5,4,312.4,0.0,393.5,111.4,1,1,1.0
6,2,0.0,48.25,78.0,54.489999999999995,1,1,1.0
6,3,95.31,0.33,229.0,62.120000000000005,1,1,1.0
6,4,311.5,0.0,393.0,110.5,1,1,1.0
7,2,0.0,42.3,59.37,51.0,1,1,1.0
7,3,95.31,0.33,229.0,62.120000000000005,1,1,1.0
7,4,311.0,0.0,392.6,111.0,1,1,1.0
8,2,0.0,40.11,42.7,51.0,1,1,1.0
8,3,95.31,0.33,229.0,62.120000000000005,1,1,1.0
8,4,310.05,0.47,392.59999999999997,110.63,1,1,1.0
9,2,0.0,40.11,26.9,51.0,1,1,1.0
9,3,95.31,0.33,229.0,62.120000000000005,1,1,1.0
9,4,310.53,0.95,392.6,109.55,1,1,1.0
10,2,0.0,40.11,12.4,51.0,1,1,1.0
10,3,95.31,0.33,229.0,62.120000000000005,1,1,1.0
10,4,310.29,0.95,391.91,109.45,1,1,1.0
11,3,95.31,0.33,229.0,62.120000000000005,1,1,1.0
11,4,310.05,0.29,392.15000000000003,109.41,1,1,1.0
11,5,873.01,184.13,86.99000000000001,82.79000000000002,1,1,1.0
12,3,95.31,0.33,229.0,62.120000000000005,1,1,1.0
12,5,823.48,171.23,136.51999999999998,82.80000000000001,1,1,1.0
12,4,309.52,0.26,392.53,109.74,1,1,1.0
13,3,95.31,0.33,229.0,62.120000000000005,1,1,1.0
13,5,778.0,162.41,180.64,97.69000000000003,1,1,1.0
13,4,309.98,0.33,392.12,108.57000000000001,1,1,1.0
14,3,95.31,0.33,229.0,62.120000000000005,1,1,1.0
14,5,736.6,148.16,223.39999999999998,120.73999999999998,1,1,1.0
14,4,310.43,0.4,391.96999999999997,109.0,1,1,1.0
15,3,95.31,0.33,229.0,62.120000000000005,1,1,1.0
15,4,310.89,0.47,390.40999999999997,109.73,1,1,1.0
15,6,0.0,156.98,32.18,87.54000000000002,1,1,1.0
15,5,701.96,140.01,257.3399999999999,120.79000000000002,1,1,1.0
16,3,95.31,0.33,229.0,62.120000000000005,1,1,1.0
16,4,310.82,0.51,390.78000000000003,109.58999999999999,1,1,1.0
16,6,0.0,162.4,52.5,93.0,1,1,1.0
16,5,661.25,135.26,257.33000000000004,113.95000000000002,1,1,1.0
17,3,95.31,0.33,229.0,62.120000000000005,1,1,1.0
17,4,311.08,0.26,389.92,108.94,1,1,1.0
17,6,0.68,163.08,71.5,104.49999999999997,1,1,1.0
17,5,619.17,126.44,257.34000000000003,113.94999999999999,1,1,1.0
18,3,95.31,0.33,229.0,62.120000000000005,1,1,1.0
18,4,311.34,0.0,390.66,108.96,1,1,1.0
18,6,0.68,165.76,92.52,115.44,1,1,1.0
18,5,584.56,121.01,252.55000000000007,107.18999999999998,1,1,1.0
19,3,95.31,0.33,229.0,62.120000000000005,1,1,1.0
19,4,310.61,0.63,390.99,109.27000000000001,1,1,1.0
19,6,0.68,173.9,116.91999999999999,120.20000000000002,1,1,1.0
19,5,550.64,117.62,247.10000000000002,99.74000000000001,1,1,1.0
20,3,95.31,0.33,229.0,62.120000000000005,1,1,1.0
20,4,310.54,0.67,391.10999999999996,108.13,1,1,1.0
20,6,0.68,179.3,140.72,126.30000000000001,1,1,1.0
20,5,514.67,110.15,234.93000000000006,99.73999999999998,1,1,1.0
21,3,95.31,0.33,229.0,62.120000000000005,1,1,1.0
21,4,311.15,0.71,391.23,109.59,1,1,1.0
21,6,0.68,188.1,167.22,131.79999999999998,1,1,1.0
21,5,485.49,106.8,224.71000000000004,94.95,1,1,1.0
22,3,95.31,0.33,229.0,62.120000000000005,1,1,1.0
22,4,310.4,0.75,391.1,109.05,1,1,1.0
22,6,0.0,195.6,195.0,138.6,1,1,1.0
22,5,458.35,102.05,219.25,91.55,1,1,1.0
23,3,95.31,0.33,229.0,62.120000000000005,1,1,1.0
23,4,310.33,0.79,390.67,110.21,1,1,1.0
23,6,14.93,205.78,211.26999999999998,143.36999999999998,1,1,1.0
23,5,427.13,97.3,214.47000000000003,86.8,1,1,1.0
24,3,95.31,0.33,229.0,62.120000000000005,1,1,1.0
24,4,310.26,0.83,390.74,110.07000000000001,1,1,1.0
24,6,33.93,216.64,227.57,152.16000000000003,1,1,1.0
24,5,405.41,90.51,198.19,86.8,1,1,1.0
25,3,95.31,0.33,229.0,62.120000000000005,1,1,1.0
25,4,310.19,0.87,391.21,109.92999999999999,1,1,1.0
25,6,59.04,224.78,239.76000000000002,160.32000000000002,1,1,1.0
25,5,376.91,90.51,193.38999999999993,80.68999999999998,1,1,1.0
26,3,95.31,0.33,229.0,62.120000000000005,1,1,1.0
26,4,310.12,0.91,391.67999999999995,109.89,1,1,1.0
26,6,83.47,234.28,255.33,170.52,1,1,1.0
26,5,353.16,84.4,187.23999999999995,80.69,1,1,1.0
27,3,95.31,0.33,229.0,62.120000000000005,1,1,1.0
27,4,310.05,0.95,392.15000000000003,109.25,1,1,1.0
27,6,112.66,247.19,268.89,181.36,1,1,1.0
27,5,336.19,78.98,171.61,80.67999999999999,1,1,1.0
28,3,95.31,0.33,229.0,62.120000000000005,1,1,1.0
28,4,310.05,0.95,392.15000000000003,109.02,1,1,1.0
28,6,144.56,260.76,294.64,194.24,1,1,1.0
28,5,309.05,74.23,171.59999999999997,80.67999999999999,1,1,1.0
29,3,95.31,0.33,229.0,62.120000000000005,1,1,1.0
29,4,310.05,0.95,392.15000000000003,108.78,1,1,1.0
29,6,176.46,274.33,315.03999999999996,211.17000000000002,1,1,1.0
29,5,288.01,72.87,164.79000000000002,74.53,1,1,1.0
30,3,95.31,0.33,229.0,62.120000000000005,1,1,1.0
30,4,310.05,0.95,392.15000000000003,108.55,1,1,1.0
30,6,214.46,288.58,339.43999999999994,221.32,1,1,1.0
30,5,271.04,72.19,157.35999999999996,70.41,1,1,1.0
30,7,864.19,177.34,67.17999999999995,69.22,1,1,1.0
31,3,95.31,0.33,229.0,62.120000000000005,1,1,1.0
31,4,310.05,0.95,392.15000000000003,108.32,1,1,1.0
31,6,249.07,311.3,379.53000000000003,227.90000000000003,1,1,1.0
31,5,250.01,68.8,157.35000000000002,69.00000000000001,1,1,1.0
31,7,818.01,153.01,141.79999999999995,95.03,1,1,1.0
32,3,95.31,0.33,229.0,62.120000000000005,1,1,1.0
32,4,310.05,0.95,392.15000000000003,108.08,1,1,1.0
32,6,296.72,328.0,395.28,211.5,1,1,1.0
32,5,230.74,63.73,153.26,69.0,1,1,1.0
32,7,771.41,147.94,188.59000000000003,95.03,1,1,1.0
33,3,95.31,0.33,229.0,62.120000000000005,1,1,1.0
33,4,310.05,0.95,392.15000000000003,107.85,1,1,1.0
33,6,348.5,348.9,418.0,190.60000000000002,1,1,1.0
33,5,215.3,59.18,144.2,69.00999999999999,1,1,1.0
33,7,723.28,137.94,234.89999999999998,103.25999999999999,1,1,1.0
34,3,95.31,0.33,229.0,62.120000000000005,1,1,1.0
34,4,310.55,0.62,392.15000000000003,107.85,1,1,1.0
34,6,405.74,369.8,440.65999999999997,170.2,1,1,1.0
34,5,200.76,57.37,139.65000000000003,66.24000000000001,1,1,1.0
34,7,686.94,124.32,247.65999999999997,107.78,1,1,1.0
35,3,95.31,0.33,229.0,62.120000000000005,1,1,1.0
35,4,311.04,0.29,392.15000000000003,107.85,1,1,1.0
35,6,469.34,393.4,440.66,145.69000000000005,1,1,1.0
35,5,183.5,55.55,130.60000000000002,64.45,1,1,1.0
35,7,649.69,116.14,240.40999999999997,103.26,1,1,1.0
36,3,95.31,0.33,229.0,62.120000000000005,1,1,1.0
36,4,311.04,0.29,392.15000000000003,107.3,1,1,1.0
36,6,542.07,420.7,408.8499999999999,118.39000000000004,1,1,1.0
36,5,167.15,54.64,130.6,64.45,1,1,1.0
36,7,611.54,104.33,234.06000000000006,103.26,1,1,1.0
37,3,95.31,0.33,229.0,62.120000000000005,1,1,1.0
37,4,311.04,0.29,392.15000000000003,106.75999999999999,1,1,1.0
37,6,602.91,420.7,357.09000000000003,118.39000000000004,1,1,1.0
37,5,154.43,51.92,128.76999999999998,63.58,1,1,1.0
37,7,576.1,99.79,231.29999999999995,102.30999999999999,1,1,1.0
38,3,95.31,0.33,229.0,62.120000000000005,1,1,1.0
38,4,311.04,0.29,392.15000000000003,106.21,1,1,1.0
38,6,602.45,420.7,357.0999999999999,118.39000000000004,1,1,1.0
38,5,141.71,51.01,123.31999999999996,57.21,1,1,1.0
38,7,539.76,97.1,215.84000000000003,91.4,1,1,1.0
39,3,95.31,0.33,229.0,62.120000000000005,1,1,1.0
39,4,311.04,0.29,391.66,106.21,1,1,1.0
39,5,124.45,48.29,123.30999999999999,57.199999999999996,1,1,1.0
39,7,509.8,93.47,208.55,85.93,1,1,1.0
40,3,95.31,0.33,229.0,62.120000000000005,1,1,1.0
40,4,311.04,0.29,391.16,106.21,1,1,1.0
40,5,111.73,44.65,123.30999999999999,57.21,1,1,1.0
40,7,478.0,85.29,208.54999999999995,85.92999999999999,1,1,1.0
41,3,95.31,0.33,229.0,62.120000000000005,1,1,1.0
41,4,311.04,0.29,390.85999999999996,106.21,1,1,1.0
41,5,101.73,42.83,111.46999999999998,56.269999999999996,1,1,1.0
41,7,450.75,85.29,191.25,78.71,1,1,1.0
42,3,95.31,0.33,229.0,62.120000000000005,1,1,1.0
42,4,311.04,0.29,389.85999999999996,106.21,1,1,1.0
42,5,90.83,38.29,111.47000000000001,56.27,1,1,1.0
42,7,424.4,79.84,183.10000000000002,78.71000000000001,1,1,1.0
43,3,95.31,0.33,229.0,62.120000000000005,1,1,1.0
43,4,311.04,0.29,389.56,106.21,1,1,1.0
43,5,74.48,35.57,111.46999999999998,56.26,1,1,1.0
43,7,398.96,76.21,174.04000000000002,78.71,1,1,1.0
44,3,95.31,0.33,229.0,62.120000000000005,1,1,1.0
44,4,311.04,0.29,388.85999999999996,106.21,1,1,1.0
44,5,67.21,36.47,105.09000000000002,56.269999999999996,1,1,1.0
44,7,368.07,74.39,174.04000000000002,72.30999999999999,1,1,1.0
45,3,95.31,0.33,229.0,62.120000000000005,1,1,1.0
45,4,311.04,0.29,388.16,106.21,1,1,1.0
45,5,55.4,36.47,105.09,51.730000000000004,1,1,1.0
45,7,350.8,66.21,157.7,72.31000000000002,1,1,1.0
46,3,95.31,0.33,229.0,62.120000000000005,1,1,1.0
46,4,311.04,0.29,388.04,105.46,1,1,1.0
46,5,41.77,31.93,105.09,51.73,1,1,1.0
46,7,324.45,61.67,157.7,72.30999999999999,1,1,1.0
47,3,95.31,0.33,229.0,62.120000000000005,1,1,1.0
47,4,311.04,0.29,387.93,104.71,1,1,1.0
47,5,30.87,29.21,105.09,51.720000000000006,1,1,1.0
47,7,307.19,58.04,148.62,69.56,1,1,1.0
48,3,95.31,0.33,229.0,62.120000000000005,1,1,1.0
48,4,311.04,0.29,387.81,103.91,1,1,1.0
48,5,23.6,29.21,96.0,51.720000000000006,1,1,1.0
48,7,282.66,55.31,148.61999999999995,69.56,1,1,1.0
49,3,95.31,0.33,229.0,62.120000000000005,1,1,1.0
49,4,311.04,0.29,387.69,104.11,1,1,1.0
49,5,12.7,29.21,95.1,47.190000000000005,1,1,1.0
49,7,262.67,56.22,140.43,64.98,1,1,1.0
50,3,95.31,0.33,229.0,62.120000000000005,1,1,1.0
50,4,311.04,0.29,387.58,104.30999999999999,1,1,1.0
50,5,4.53,28.3,95.09,47.19,1,1,1.0
50,7,242.69,50.77,140.42000000000002,64.97999999999999,1,1,1.0
51,3,95.31,0.33,229.0,62.120000000000005,1,1,1.0
51,4,311.04,0.29,387.46,105.50999999999999,1,1,1.0
51,5,0.89,24.66,86.91,47.2,1,1,1.0
51,7,230.88,49.86,132.22000000000003,64.98,1,1,1.0
52,3,95.31,0.33,229.0,62.120000000000005,1,1,1.0
52,4,311.04,0.29,386.75999999999993,104.50999999999999,1,1,1.0
52,5,0.89,21.03,76.01,47.19,1,1,1.0
52,7,210.89,44.41,123.11000000000001,64.98,1,1,1.0
53,3,95.31,0.33,229.0,62.120000000000005,1,1,1.0
53,4,311.04,0.29,386.46,104.91,1,1,1.0
53,5,0.89,21.03,68.71,47.19,1,1,1.0
53,7,195.45,41.68,118.55000000000001,64.97999999999999,1,1,1.0
54,3,95.31,0.33,229.0,62.120000000000005,1,1,1.0
54,4,311.04,0.29,387.75999999999993,105.50999999999999,1,1,1.0
54,5,0.0,21.03,56.0,47.19,1,1,1.0
54,7,180.0,41.68,118.56,60.419999999999995,1,1,1.0
55,3,95.31,0.33,229.0,62.120000000000005,1,1,1.0
55,4,311.04,0.29,387.60999999999996,105.36,1,1,1.0
55,5,0.0,21.03,48.13,44.45,1,1,1.0
55,7,167.28,38.96,112.22,56.74,1,1,1.0
56,3,95.31,0.33,229.0,62.120000000000005,1,1,1.0
56,4,311.04,0.29,387.46,105.21,1,1,1.0
56,5,0.0,21.03,40.27,41.71,1,1,1.0
56,7,152.75,38.05,112.20999999999998,56.74000000000001,1,1,1.0
57,3,95.31,0.33,229.0,62.120000000000005,1,1,1.0
57,4,311.04,0.29,387.46,105.05999999999999,1,1,1.0
57,5,0.0,21.03,32.4,38.97,1,1,1.0
57,7,140.93,38.96,110.4,55.87,1,1,1.0
58,3,95.31,0.33,229.0,62.120000000000005,1,1,1.0
58,4,311.04,0.29,387.46,104.91,1,1,1.0
58,5,0.0,21.03,23.3,38.97,1,1,1.0
58,7,125.64,36.61,109.26,54.68000000000001,1,1,1.0
59,3,95.31,0.33,229.0,62.120000000000005,1,1,1.0
59,4,311.04,0.29,387.46,104.91,1,1,1.0
59,5,0.0,21.03,15.1,38.97,1,1,1.0
59,7,114.5,35.44,104.0,51.760000000000005,1,1,1.0
60,3,95.31,0.33,229.0,62.120000000000005,1,1,1.0
60,4,311.04,0.29,387.46,104.91,1,1,1.0
60,5,0.0,21.03,8.1,38.97,1,1,1.0
60,7,102.18,34.26,103.41999999999999,51.14000000000001,1,1,1.0
